00000000000000000000000000000000000000000000000000
00000000000000000111111111111111000000000000000000
00000000000000011111111111111111110000000000000000
00000000000001111111111111111111111100000000000000
00000000000111111111111111111111111111000000000000
00000000001111111111000000000011111111100000000000
00000000011111111000000000000000011111111000000000
00000001111111100000000000000000001111111100000000
00000001111110000000000000000000000011111110000000
00000011111100000000000000000000000001111111000000
00000111111000000000000000000000000000011111000000
00001111110000000000000000000000000000011111100000
00001111100000000000000000000000000000001111110000
00011111000000000000000000000000000000000111110000
00011111000000000000000000000000000000000011111000
00111110000000000000000000000000000000000011111000
00111110000000000000000000000000000000000001111000
01111100000000000000000000000000000000000001111100
01111100000000000000000000000000000000000001111100
01111100000000000000001111100000000000000000111100
01111000000000000000011111111000000000000000111100
01111000000000000000111111111100000000000000111100
01111000000000000001111111111100000000000000111100
01111000000000000001111111111100000000000000111100
01111000000000000001111111111110000000000000111100
01111000000000000001111111111100000000000000111100
01111000000000000001111111111100000000000000111100
01111000000000000000111111111100000000000000111100
01111000000000000000111111111000000000000000111100
01111000000000000000011111110000000000000000111100
01111100000000000000000010000000000000000000111100
01111100000000000000000000000000000000000001111100
00111100000000000000000000000000000000000001111000
00111110000000000000000000000000000000000011111000
00111111000000000000000000000000000000000011111000
00011111000000000000000000000000000000000111110000
00001111100000000000000000000000000000001111110000
00001111110000000000000000000000000000001111100000
00000111110000000000000000000000000000011111000000
00000011111100000000000000000000000000111111000000
00000011111110000000000000000000000011111110000000
00000001111111000000000000000000000111111100000000
00000000111111110000000000000000011111111000000000
00000000001111111110000000000001111111110000000000
00000000000111111111111111111111111111000000000000
00000000000001111111111111111111111110000000000000
00000000000000111111111111111111111000000000000000
00000000000000000111111111111111000000000000000000
00000000000000000000000000000000000000000000000000
00000000000000000000000000000000000000000000000000