00000000000000000000000000000000000000000000000000
00000000000000000111111111111111000000000000000000
00000000000000011111111111111111110000000000000000
00000000000001111111111111111111111100000000000000
00000000000111111111111111111111111111000000000000
00000000001111111111000000000011111111100000000000
00000000011111111000000000000000011111111000000000
00000001111111100000000000000000001111111100000000
00000001111110000000000000000000000011111110000000
00000011111100000000000000000000000001111111000000
00000111111000000000111111111100000000011111000000
00001111110000000011111111111111000000011111100000
00001111100000001111111111111111100000001111110000
00011111000000011111111111111111111000000111110000
00011111000000111111110000001111111100000011111000
00111110000001111110000000000011111110000011111000
00111110000011111100000000000001111110000001111000
01111100000011111000000000000000011111000001111100
01111100000111110000000000000000011111000001111100
01111100000111100000001111100000001111100000111100
01111000001111100000011111111000001111100000111100
01111000001111100000111111111100000111100000111100
01111000001111000001111111111100000111110000111100
01111000001111000001111111111100000111110000111100
01111000001111000001111111111110000111110000111100
01111000001111000001111111111100000111110000111100
01111000001111000001111111111100000111110000111100
01111000001111000000111111111100000111100000111100
01111000001111100000111111111000000111100000111100
01111000001111100000011111110000001111100000111100
01111100000111110000000010000000001111100000111100
01111100000111111000000000000000011111000001111100
00111100000011111000000000000000111110000001111000
00111110000001111110000000000001111110000011111000
00111111000001111111100000000111111100000011111000
00011111000000111111111111111111111000000111110000
00001111100000011111111111111111110000001111110000
00001111110000000111111111111111000000001111100000
00000111110000000001111111111100000000011111000000
00000011111100000000001111100000000000111111000000
00000011111110000000000000000000000011111110000000
00000001111111000000000000000000000111111100000000
00000000111111110000000000000000011111111000000000
00000000001111111110000000000001111111110000000000
00000000000111111111111111111111111111000000000000
00000000000001111111111111111111111110000000000000
00000000000000111111111111111111111000000000000000
00000000000000000111111111111111000000000000000000
00000000000000000000000000000000000000000000000000
00000000000000000000000000000000000000000000000000