00000000000000000000000000000000000000000000000000
00000000000000000000000000000000000000000000000000
00000000000000000111111111111111000000000000000000
00000000000000111111111111111111110000000000000000
00000000000011111111111111111111111100000000000000
00000000000111111111111111111111111111000000000000
00000000011111111111111111111111111111100000000000
00000000111111111000000000001111111111111000000000
00000001111111000000000000000001111111111100000000
00000011111000000000000000000000011111111110000000
00000111100000000000000000000000000111111111000000
00001111000000000000000000000000000011111111000000
00001110000000000000000000000000000000111111100000
00011100000000000000000000000000000000011111110000
00111000000000000000000000000000000000001111110000
00110000000000000000000000000000000000000111111000
01100000000000000000000000000000000000000111111000
01100000000000000000000000000000000000000011111100
01100000000000000000011111111000000000000011111100
01100000000000000001111111111110000000000011111100
00000100000000000011111111111111000000000011111110
00111111111111111111111111111111111111111111111110
01111111111111111111111111111111111111111111111110
01111111111111111111111111111111111111111111111110
01111111111111111111111111111111111111111111111110
01111111111111111111111111111111111111111111111110
01111111111111111111111111111111111111111111111110
01111111111111111111111111111111111111111111111110
01111111111111111111111111111111111111111111111110
01111111000000000011111111111111000000000000000000
00111111000000000001111111111110000000000000000000
00111111000000000000011111111000000000000000000000
00111111000000000000000000000000000000000000000110
00011111100000000000000000000000000000000000000110
00011111100000000000000000000000000000000000001110
00001111110000000000000000000000000000000000011100
00001111111000000000000000000000000000000000011000
00000111111100000000000000000000000000000001111000
00000011111111000000000000000000000000000011110000
00000011111111100000000000000000000000000111100000
00000001111111111000000000000000000000011111000000
00000000111111111110000000000000000001111110000000
00000000011111111111110000000000001111111100000000
00000000001111111111111111111111111111111000000000
00000000000011111111111111111111111111110000000000
00000000000001111111111111111111111111000000000000
00000000000000011111111111111111111100000000000000
00000000000000000011111111111111110000000000000000
00000000000000000000000000000000000000000000000000
00000000000000000000000000000000000000000000000000