00000000000000000000000011000000000000000000000000
00000000000000000000000011100000000000000000000000
00000000000000000000000001110000000000000000000000
00000000000000000000000000111000000000000000000000
00000000000000000000000000011100000000000000000000
00000000000000000000000000001111000000000000000000
00000000000000000000000000000111100000000000000000
00000000000000000000000000000011110000000000000000
00000000000000000000000000000001111000000000000000
00000000000000000000000000000000111000000000000000
00000000000000000001111000000000011100000000000000
00000000000000011111111111100000001110000000000000
00000000000001111111111111111000001110000000000000
00000000000111111111111111111100000111000000000000
00000000001111100000000001111110000111000000000000
00000000111110000000111110011111000011100000000000
00000001111000000011111111101111100011100000000000
00000011110000001111111111111111110011100000000000
00000111100000011111111111111111110011110000000000
00000111000000111111111111111111110011110000000000
00001110000001111111111111111111111011110000000000
00011100000011111011111111111111111011110000000000
00111000000011110111111111111111111011110000000000
01110000000111101111111111111111111011110000000000
11100000000111101111111111111111111011100000000011
11000000000111011111111111111111110111100000000111
00000000000111011111111111111111110111100000001110
00000000001111011111111111111111101111000000011100
00000000001111011111111111111111111111000000111000
00000000001111011111111111111111111110000001110000
00000000001111001111111111111111111100000011110000
00000000000111001111111111111111111000000111100000
00000000000111000111111111111111110000001111000000
00000000000111000111110111111111100000011110000000
00000000000111000011111001111100000001111100000000
00000000000011100001111110000000000111110000000000
00000000000011100000111111111111111111100000000000
00000000000001110000011111111111111110000000000000
00000000000001110000000111111111111000000000000000
00000000000000111000000000011110000000000000000000
00000000000000011100000000000000000000000000000000
00000000000000011110000000000000000000000000000000
00000000000000001111000000000000000000000000000000
00000000000000000111100000000000000000000000000000
00000000000000000011110000000000000000000000000000
00000000000000000000111000000000000000000000000000
00000000000000000000011100000000000000000000000000
00000000000000000000001110000000000000000000000000
00000000000000000000000111000000000000000000000000
00000000000000000000000011000000000000000000000000