00000000001000000000000000000000000000001100000000
00000000001100000000000000000000000000000110000000
00000000000110000000000000000000000000000011000000
00000000000011000000000000000000000000000001100000
00000011111001100000000000000000000011111100110000
00001111111100110000000000000000001111011110110000
00011100111110110000000000000000011001111111010000
00110011111111010000000000000000110011111111011000
01100111111111010000000000000001100111111111011000
11000111111111110000000000000001000111111111110000
00001111111111110011000000000000000101111111110011
00001111111111110011000000000000000101111111110011
00001111111111100100000000000000000101111111100100
00001101111111011100000000000000000101111110011100
00000100111001110000000000000000000110011111110000
00000110011111100000000001000000000011001111000000
00000011000000000000000000110000000001000000000000
00000001100000000000000000011000000001110000000000
00000000110000000000000000001100000000011000000000
00000000010000000000000000000100000000001000000000
00000000000000000000001111000110000000000000000000
00000000000000000000111111110011000000000000000000
00000000000000000001100011110011000000000000000000
00000000000000000001001111111011000000000000000000
00000000000000000011011111111011000000000000000000
00000000000000000011011111110011000000000000000000
00000000000000000011011111110110000000000000000000
00000000000000000011001111101100000000000000000000
00000000000000000011000111111100000000000000000000
00000000000000000001000011110000000000000000000000
00000000000000000001100000000000000000000000000000
00000000011000000000110000000000000000001100000000
00000000001100000000011000000000000000000110000000
00000000000111000000001100000000000000000011000000
00000000000011000000000010000000000000000001100000
00001111111101100000000000000000000111111100110000
00011100011110100000000000000000001110001110010000
00110011111110110000000000000000011001111111010000
01100111111111110000000000000000110011111111011000
11001111111111110000000000000001100111111111011000
10001111111111110011000000000001000101111111010001
00001111111111100010000000000000000101111111110011
00001011111111000100000000000000000101111111100110
00001111111111011100000000000000000101111111001100
00001101110000110000000000000000000100110000011000
00000100111111100000000000000000000110011111110000
00000110000100000000000000000000000011000010000000
00000011000000000000000000000000000001100000000000
00000001100000000000000000000000000000110000000000
00000000110000000000000000000000000000011000000000