00000000000000000000000011000000000000000000000000
00000000000000000000000011100000000000000000000000
00000000000000000000000001111000000000000000000000
00000000000000000000000000111100000000000000000000
00000000000000000000000000001111000000000000000000
00000000000000000000000000000111100000000000000000
00000000000000000000000000000001110000000000000000
00000000000000000000000000000000111000000000000000
00000000000000000000000000000000011100000000000000
00000000000000000000000000000000001110000000000000
00000000000000000000000000000000000111000000000000
00000000000000000000000000000000000011000000000000
00000000000000000000000000000000000011100000000000
00000000000000000000111110000000000001110000000000
00000000000000000111111111110000000001110000000000
00000000000000011111111111111100000000111000000000
00000000000000111111110111111110000000111000000000
00000000000001111100000000111111000000011000000000
00000000000011110000000000001111100000011000000000
00000000000111100000111111100111100000011000000000
00000000000111000001111111110111110000011000000000
00000000001110000011111111111011110000011000000000
00000000001110000111111111111111110000011000000000
00000000011100000111111111111111110000011000000000
00000000011100001111111111111111110000011000000000
00000000011000001111111111111111110000111000000000
00000000011000001111111111111111110000111000000000
00000000011000001111111111111111100000111000000000
00000000011000001111111111111111000001110000000000
00000000011000001111101111111110000011110000000000
00000000011000000111110111111100000111100000000000
00000000011000000111110001110000001111000000000000
00000000011100000011111100000000011110000000000000
00000000011100000001111111100111111100000000000000
00000000001100000000111111111111111000000000000000
00000000001110000000001111111111100000000000000000
00000000001110000000000011111100000000000000000000
00000000000111000000000000000000000000000000000000
00000000000011000000000000000000000000000000000000
00000000000011100000000000000000000000000000000000
00000000000001110000000000000000000000000000000000
00000000000000111000000000000000000000000000000000
00000000000000011100000000000000000000000000000000
00000000000000001110000000000000000000000000000000
00000000000000000111100000000000000000000000000000
00000000000000000011110000000000000000000000000000
00000000000000000000111000000000000000000000000000
00000000000000000000011110000000000000000000000000
00000000000000000000000111000000000000000000000000
00000000000000000000000011000000000000000000000000